HY,Material,SSU,PROPORCION_DEL_HY
2772VT3P,12217194,1140.0,0.38770209488498636
2772VT3P,12757495,218.66666666666666,0.07436624977910848
2772VT3P,12757499,599.0,0.20371364459307617
2772VT3P,12757500,517.2352941176471,0.17590632199812617
2772VT3P,12757501,1.0,0.0003400895569166547
2772VT3P,12757505,422.0,0.14351779301882828
2772VT3P,12757506,42.5,0.014453806168957826
70-20RR2,12950299,34.0,0.17379235903177445
70-20RR2,12950410,15.778443113772456,0.08065214266444624
70-20RR2,12950412,28.904761904761905,0.14774784584353934
70-20RR2,12950414,22.78846153846154,0.11648413204335561
70-20RR2,12950415,19.729857819905213,0.10084995687890676
70-20RR2,12950416,4.0,0.020446159886091112
70-20RR2,12950417,24.56756756756757,0.12557810362470825
70-20RR2,12950418,8.533333333333333,0.04361847442366104
70-20RR2,12950419,37.333333333333336,0.19083082560351705
722RR2,12950426,542.25,0.038022946997519486
722RR2,12950427,1.875,0.00013147630358755006
722RR2,12950432,6.0,0.00042072417148016024
722RR2,13015562,9013.5,0.6320328866060707
722RR2,13015563,2823.75,0.1980033132028504
722RR2,13015568,1873.75,0.1313886527184917
740VT3P,12071799,425.5,0.2844885223980388
740VT3P,12071810,410.6666666666667,0.2745709828393136
740VT3P,12071811,659.5,0.44094049476264763
799VT3P,13071516,19.0,1.0
8319MGRR2,11188277,2.0,1.0
AR7126MQKA,12531634,17.5,1.0
AR7238MQKZ,12531698,2.840909090909091,1.0
AR7329MQKA,12531786,2.840909090909091,1.0
AS7246MQK1,12670569,14.0,1.0
AT7253MQKA,12840347,1.3766519823788546,1.0
AT7344NYFZ,12840363,26.5,1.0
AT7346MQKZ,12840371,26.5,1.0
AT7436MQKZ,12840399,1.3480176211453745,0.9999999999999999
AT7439MQKZ,12840411,26.75,1.0
D2738MGRR2,11495916,250813.0,0.9934934572033427
D2738MGRR2,11699450,1.5,5.941638534705195e-06
D2738MGRR2,11699454,580.1578947368421,0.002298059002387907
D2738MGRR2,11699459,63.142857142857146,0.0002501146887942568
D2738MGRR2,11858474,615.0,0.0024360717992291296
D2738MGRR2,11858479,382.8125,0.0015163556677112216
D2738RR2,12061434,23.0,0.25
D2738RR2,12061882,15.0,0.16304347826086957
D2738RR2,12907948,38.0,0.4130434782608695
D2738RR2,12931611,16.0,0.17391304347826086
D2771VT3P,11791071,594.0833333333334,0.19643043141244582
D2771VT3P,11791072,451.85714285714283,0.14940411307317783
D2771VT3P,11791075,600.7777777777778,0.19864391315230648
D2771VT3P,11791077,119.5,0.03951202674224257
D2771VT3P,11791101,341.22222222222223,0.11282327673214965
D2771VT3P,11870057,630.5384615384615,0.20848412179347434
D2771VT3P,11870062,286.4166666666667,0.09470211709420344
DK392,10942698,521.625,0.1327883322310271
DK392,10942699,788.7692307692307,0.2007943458787372
DK392,10942720,818.75,0.2084264500630787
DK392,10942724,604.35,0.1538473588954157
DK392,10942725,1194.75,0.3041435129317414
DK670MGRR2,11059299,64.80434782608695,0.11136916955685207
DK670MGRR2,11059300,110.75,0.19032882734229553
DK670MGRR2,11059301,78.2,0.13439019682318293
DK670MGRR2,11059305,38.166666666666664,0.06559112334294306
DK670MGRR2,11059307,50.8,0.08730207159357663
DK670MGRR2,11059308,120.66666666666667,0.20737106244668468
DK670MGRR2,11247022,62.5,0.1074090447755618
DK670MGRR2,11253857,56.0,0.09623850411890338
DK69-10RVT3P,12820542,250.0,0.023507773572568662
DK69-10RVT3P,12820544,29.67948717948718,0.0027907946574613563
DK69-10RVT3P,12820546,148.90804597701148,0.014001986511844916
DK69-10RVT3P,12820547,235.7987804878049,0.022172417361580554
DK69-10RVT3P,12820548,433.71232876712327,0.04078244488115597
DK69-10RVT3P,12820549,674.1851851851852,0.06339437071725443
DK69-10RVT3P,12820551,79.19130434782609,0.007446445006100271
DK69-10RVT3P,12820552,118.63157894736842,0.01115505718580416
DK69-10RVT3P,12820553,120.47769028871392,0.011328649055412563
DK69-10RVT3P,12820554,709.6984924623116,0.06673372586238939
DK69-10RVT3P,12820555,694.5357142857143,0.06530795323796325
DK69-10RVT3P,12820556,262.3780487804878,0.024671695044576326
DK69-10RVT3P,13016907,312.25,0.02936120919213826
DK69-10RVT3P,13016908,638.5,0.06003885370434036
DK69-10RVT3P,13016909,938.6666666666666,0.08826385384047113
DK69-10RVT3P,13016980,851.5,0.08006747678816886
DK69-10RVT3P,13016982,552.0,0.0519051640482316
DK69-10RVT3P,13016984,739.0,0.06948897868051296
DK69-10RVT3P,13016985,614.3333333333334,0.057766435592325395
DK69-10RVT3P,13016986,1158.3333333333333,0.10891935088623478
DK69-10RVT3P,13016987,1073.0,0.10089536417346469
DK69-10RVT3P_RIB,12820560,87.13,0.05652429821143512
DK69-10RVT3P_RIB,12820561,85.01754385964912,0.055153873549025276
DK69-10RVT3P_RIB,12820562,120.31860465116279,0.07805491437720752
DK69-10RVT3P_RIB,12820563,154.25806451612902,0.10007263675230661
DK69-10RVT3P_RIB,12820565,64.05970149253731,0.04155778343279806
DK69-10RVT3P_RIB,12820566,89.75316455696202,0.05822603740201687
DK69-10RVT3P_RIB,12820567,99.86363636363636,0.06478505637893375
DK69-10RVT3P_RIB,12820568,265.5247524752475,0.17225525411945813
DK69-10RVT3P_RIB,12820569,404.3076923076923,0.2622886327232544
DK69-10RVT3P_RIB,12820570,171.22781774580335,0.11108151305356423
DK69-10VT3P,12217063,3.072972972972973,0.004514990966366088
DK69-10VT3P,12565382,59.04977375565611,0.0867593686692322
DK69-10VT3P,12565383,61.666666666666664,0.09060426023094655
DK69-10VT3P,12565384,69.25954198473282,0.10176015511558217
DK69-10VT3P,12565387,65.63157894736842,0.09642974040511268
DK69-10VT3P,12565390,78.66494845360825,0.11557912639045491
DK69-10VT3P,12731809,57.41566265060241,0.08435843740747168
DK69-10VT3P,12731911,75.72596153846153,0.11126099554815273
DK69-10VT3P,12731912,61.10204081632653,0.08977467902861135
DK69-10VT3P,12731913,70.92,0.10419979679316858
DK69-10VT3P,12731914,78.1063829787234,0.11475844944490103
DK69-10VT3P_RIB,12565402,67.75694444444444,0.09308073100514902
DK69-10VT3P_RIB,12565403,64.80341880341881,0.08902334134622589
DK69-10VT3P_RIB,12731915,53.31111111111111,0.07323584665166834
DK69-10VT3P_RIB,12731916,71.76842105263158,0.09859147500580664
DK69-10VT3P_RIB,12731917,78.29473684210527,0.1075569655460824
DK69-10VT3P_RIB,12731918,65.27142857142857,0.08966626719952521
DK69-10VT3P_RIB,12731919,98.52427184466019,0.13534717836295407
DK69-10VT3P_RIB,12731920,68.34920634920636,0.09389434755019468
DK69-10VT3P_RIB,12731921,71.9780701754386,0.0988794793390225
DK69-10VT3P_RIB,12731922,87.87978142076503,0.12072436799337122
DK692MGRR2,11204429,63.9,0.11529278541269988
DK692MGRR2,11204430,45.7906976744186,0.08261873366000877
DK692MGRR2,11204431,109.0,0.19666531471023924
DK692MGRR2,11204432,55.36842105263158,0.0998995224892186
DK692MGRR2,11204435,35.64705882352941,0.06431688111948461
DK692MGRR2,11204436,45.857142857142854,0.08273861863956329
DK692MGRR2,11204437,70.0,0.1262988259607041
DK692MGRR2,11204438,25.5,0.04600885802854221
DK692MGRR2,11204441,56.77777777777778,0.10244238105701556
DK692MGRR2,11204442,46.4,0.08371807892252386
DK70-10RR2,12057362,147998.5,0.9899863272484847
DK70-10RR2,12061436,80.20915032679738,0.000536532209067982
DK70-10RR2,12061437,87.60089686098655,0.0005859768183264114
DK70-10RR2,12061438,43.95757575757576,0.0002940394597174258
DK70-10RR2,12061439,25.63157894736842,0.00017145385057068042
DK70-10RR2,12061440,82.81290322580645,0.0005539491407906183
DK70-10RR2,12061441,137.20430107526883,0.0009177821539015645
DK70-10RR2,12061887,38.23979591836735,0.00025579228921885077
DK70-10RR2,12061888,55.26819923371647,0.0003696980818928873
DK70-10RR2,12061889,82.93103448275862,0.0005547393402129321
DK70-10RR2,12061890,74.54491017964072,0.0004986431743822451
DK70-10RR2,12787505,220.28571428571428,0.001473527402176531
DK70-10RR2,12787506,158.625,0.0010610687348844134
DK70-10RR2,12787507,39.69047619047619,0.00026549612834287473
DK70-10RR2,12787508,37.17391304347826,0.0002486624232229893
DK70-10RR2,12787681,64.30699088145897,0.00043016004702167487
DK70-10RR2,12787682,47.031847133757964,0.00031460376698183573
DK70-10RR2,12787683,43.70188679245283,0.0002923291141429774
DK70-10RR2,12787684,61.119565217391305,0.00040883883210025395
DK70-10RR2,12787686,37.5,0.00025084367254950675
DK70-10RR2,12787687,79.16326530612245,0.0005295361120106322
DK70-10VT3P,11759354,62.903225806451616,0.0021880320267626857
DK70-10VT3P,11759355,116.1029411764706,0.004038536186953495
DK70-10VT3P,11759356,133.2051282051282,0.004633420351742231
DK70-10VT3P,11759357,223.8,0.0077846813309098255
DK70-10VT3P,11759359,31.0,0.0010783070654968928
DK70-10VT3P,11759420,74.44927536231884,0.0025896509562681335
DK70-10VT3P,11759421,72.89795918367346,0.0025356898209051354
DK70-10VT3P,11759422,96.54545454545455,0.0033582466379991206
DK70-10VT3P,11759423,132.92857142857142,0.004623800573478611
DK70-10VT3P,11759425,289.1333333333333,0.010057242458193599
DK70-10VT3P,11759426,154.52173913043478,0.005374899454103727
DK70-10VT3P,11759533,24970.0,0.8685589492083037
DK70-10VT3P,11760074,100.0,0.003478409888699654
DK70-10VT3P,12820255,72.12790697674419,0.002508904248791157
DK70-10VT3P,12820256,86.0,0.0029914325042817024
DK70-10VT3P,12820257,161.98214285714286,0.005634402875070458
DK70-10VT3P,12820258,435.741935483871,0.015156890573082235
DK70-10VT3P,12820260,120.4949494949495,0.004191308238615976
DK70-10VT3P,12820261,97.91764705882353,0.003405977118076143
DK70-10VT3P,12820262,108.3970588235294,0.0037704940131772276
DK70-10VT3P,12820263,368.2857142857143,0.01281048670438244
DK70-10VT3P,12820264,315.8333333333333,0.010985977898476407
DK70-10VT3P,12820265,524.5,0.018244259866229684
DK70-10VT3P_RIB,12264099,117.45833333333333,0.06909680876858382
DK70-10VT3P_RIB,12264102,142.15,0.08362209038485298
DK70-10VT3P_RIB,12264103,96.5,0.05676772228025545
DK70-10VT3P_RIB,12264105,82.18032786885246,0.048343938128076205
DK70-10VT3P_RIB,12264106,80.35820895522389,0.04727204651719053
DK70-10VT3P_RIB,12264107,53.63768115942029,0.0315532537597395
DK70-10VT3P_RIB,12264108,114.17021276595744,0.06716251741943573
DK70-10VT3P_RIB,12264109,71.88636363636364,0.042288343281311355
DK70-10VT3P_RIB,12820269,94.77777777777777,0.05575459655159229
DK70-10VT3P_RIB,12820280,77.9,0.04582596441069327
DK70-10VT3P_RIB,12820281,65.89893617021276,0.03876613996968828
DK70-10VT3P_RIB,12820282,111.93442622950819,0.06584727898234675
DK70-10VT3P_RIB,12820284,87.67788461538461,0.0515779668804812
DK70-10VT3P_RIB,12820285,70.25388601036269,0.04132801129683931
DK70-10VT3P_RIB,12820286,77.78666666666666,0.045759294201452194
DK70-10VT3P_RIB,12820287,86.63063063063063,0.05096190238966872
DK70-10VT3P_RIB,12820288,108.45833333333333,0.06380240979944081
DK70-10VT3P_RIB,12820289,160.25,0.09426971497835167
DK70-20PRO4,12951710,14060.0,0.6880352336677269
DK70-20PRO4,12951711,200.0,0.009787129924149743
DK70-20PRO4,12951716,76.5,0.0037435771959872764
DK70-20PRO4,12951717,317.0,0.015512600929777343
DK70-20PRO4,12951718,866.0,0.04237827257156839
DK70-20PRO4,12951719,356.0,0.017421091264986543
DK70-20PRO4,12951721,51.0,0.0024957181306581844
DK70-20PRO4,12951722,827.0,0.04046978223635919
DK70-20PRO4,12951723,710.5,0.03476877905554196
DK70-20PRO4,12951724,149.0,0.007291411793491559
DK70-20PRO4,12951725,1496.0,0.07320773183264008
DK70-20PRO4,12951726,1326.0,0.0648886713971128
DK70-20RVT3P,12691379,410.0,0.1120907193348641
DK70-20RVT3P,12691493,75.32954545454545,0.020594494968703275
DK70-20RVT3P,12731991,386.1645569620253,0.10557429993049394
DK70-20RVT3P,12731992,366.503937007874,0.1001992437518837
DK70-20RVT3P,12731993,304.1898305084746,0.08316306564889098
DK70-20RVT3P,12731994,420.47846889952154,0.11495544888724306
DK70-20RVT3P,12731996,261.9451612903226,0.07161371111053477
DK70-20RVT3P,12731997,162.10115606936415,0.044317158997141705
DK70-20RVT3P,12731998,150.37666666666667,0.04111177740937987
DK70-20RVT3P,12731999,392.45588235294116,0.10729429795156092
DK70-20RVT3P,12732000,492.6194690265487,0.13467822107693816
DK70-20RVT3P,12732001,235.5868544600939,0.0644075609323655
DK70-20RVT3P_RIB,12732004,169.18666666666667,0.1405929433438456
DK70-20RVT3P_RIB,12732005,98.6289592760181,0.0819599792155942
DK70-20RVT3P_RIB,12732006,98.41732283464567,0.08178411080469875
DK70-20RVT3P_RIB,12732007,112.16923076923077,0.09321185065683585
DK70-20RVT3P_RIB,12732009,80.42745098039215,0.06683465240942661
DK70-20RVT3P_RIB,12732010,77.22709163346613,0.06417517604992833
DK70-20RVT3P_RIB,12732011,82.95302013422818,0.06893338281148491
DK70-20RVT3P_RIB,12732012,184.73170731707316,0.15351076401198557
DK70-20RVT3P_RIB,12732013,152.82954545454547,0.12700028937676283
DK70-20RVT3P_RIB,12732014,146.80851063829786,0.12199685131943747
DK72-10MGRR2,11872096,196.0,0.6332794830371568
DK72-10MGRR2,11872097,66.5,0.21486268174474957
DK72-10MGRR2,11872100,47.0,0.1518578352180937
DK72-10RR2,12057366,166080.0,0.9705419444534928
DK72-10RR2,12057367,800.0,0.004675057535903145
DK72-10RR2,12061443,213.55973451327435,0.0012480050577521977
DK72-10RR2,12061444,113.18274111675127,0.0006614197834900534
DK72-10RR2,12061445,143.6689814814815,0.0008395759431881618
DK72-10RR2,12061446,554.4846153846154,0.0032403093496202536
DK72-10RR2,12061447,320.8527918781726,0.0018750065782320174
DK72-10RR2,12061448,435.38993710691824,0.0025443412581601177
DK72-10RR2,12061893,166.40217391304347,0.0009724246714285495
DK72-10RR2,12061894,98.89766081871345,0.0005779403181171494
DK72-10RR2,12061895,94.48305084745763,0.0005521421235994085
DK72-10RR2,12061896,145.0920634920635,0.0008478921810353861
DK72-10RR2,12402448,3.0,1.7531465759636793e-05
DK72-10RR2,12787689,418.72645739910314,0.0024469628501821304
DK72-10RR2,12787690,76.33132530120481,0.0004460666719685899
DK72-10RR2,12787691,162.76,0.0009511404556794947
DK72-10RR2,12787692,110.80976863753213,0.0006475525549007232
DK72-10RR2,12787695,411.09375,0.002402358667375229
DK72-10RR2,12787696,57.26829268292683,0.00033466570409453
DK72-10RR2,12787697,187.96946564885496,0.0010984600836267083
DK72-10RR2,12787698,47.74006116207951,0.0002789844158753211
DK72-10RR2,12787700,307.72727272727275,0.0017983033817081983
DK72-10RR2,12787701,169.04290429042905,0.0009878566294924053
DK72-10RR2,12820302,2.4055944055944054,1.4057865317750713e-05
DK72-10VT3P,11762933,82.27906976744185,0.012251085648184784
DK72-10VT3P,11762934,132.23026315789474,0.019688655739644827
DK72-10VT3P,11762935,97.4261744966443,0.014506440234521077
DK72-10VT3P,11762937,3045.0,0.4533905877176582
DK72-10VT3P,11762939,83.0439024390244,0.012364966743250293
DK72-10VT3P,11763950,80.825,0.012034579393195313
DK72-10VT3P,11763951,214.76502732240436,0.031977813451199946
DK72-10VT3P,11763952,147.76797385620915,0.022002170283255903
DK72-10VT3P,11763955,188.6061776061776,0.028082845882445282
DK72-10VT3P,11763956,108.53308823529412,0.016160223534256963
DK72-10VT3P,11763958,619.1740000000001,0.09219299302446415
DK72-10VT3P,11763959,162.5505617977528,0.02420324950650859
DK72-10VT3P,12402450,354.84615384615387,0.05283543718937875
DK72-10VT3P,12820309,81.38350515463918,0.012117738992638728
DK72-10VT3P,12820320,150.04297159504733,0.02234091004084808
DK72-10VT3P,12820321,135.56511627906977,0.02018520451355669
DK72-10VT3P,12820322,244.999001996008,0.03647955386049582
DK72-10VT3P,12820324,65.96143250688705,0.009821442578323864
DK72-10VT3P,12820325,95.27055702917772,0.014185475810721694
DK72-10VT3P,12820326,68.29602888086643,0.010169056378679209
DK72-10VT3P,12820327,188.26282051282053,0.02803172112896279
DK72-10VT3P,12820328,270.1209302325581,0.040220127196380975
DK72-10VT3P,12820329,99.11379310344827,0.014757721151428175
DK72-10VT3PH,12839065,19554.0,0.8743987758004502
DK72-10VT3PH,12839066,100.0,0.004471713080701904
DK72-10VT3PH,12840319,265.0,0.011850039663860047
DK72-10VT3PH,12878270,121.14666666666666,0.005417331340167666
DK72-10VT3PH,12878271,183.59036144578315,0.008209634207678989
DK72-10VT3PH,12878272,225.0425925925926,0.010063259050113658
DK72-10VT3PH,12878273,349.348623853211,0.015621868110096129
DK72-10VT3PH,12878275,120.24675324675324,0.005377089794054406
DK72-10VT3PH,12878276,151.7058823529412,0.0067838517853707125
DK72-10VT3PH,12878277,118.14107883817428,0.005282930076088988
DK72-10VT3PH,12878278,161.90972222222223,0.007240138227539229
DK72-10VT3PH,12878279,651.9360465116279,0.02915270946967131
DK72-10VT3PH,12878280,360.72661870503595,0.016130659394206773
DK72-10VT3P_RIB,12264114,104.72611464968153,0.04695726103270916
DK72-10VT3P_RIB,12264115,111.68020304568527,0.05007534619368361
DK72-10VT3P_RIB,12264116,129.05882352941177,0.05786759955066627
DK72-10VT3P_RIB,12264117,140.2251461988304,0.06287437298169934
DK72-10VT3P_RIB,12264118,134.95348837209303,0.06051065870209215
DK72-10VT3P_RIB,12264120,87.78151260504201,0.03935961355034898
DK72-10VT3P_RIB,12264121,95.8581560283688,0.042981031711100195
DK72-10VT3P_RIB,12264122,97.91111111111111,0.043901538960235034
DK72-10VT3P_RIB,12264123,141.4972972972973,0.06344478210461565
DK72-10VT3P_RIB,12264124,111.68085106382979,0.05007563675308485
DK72-10VT3P_RIB,12820333,83.30357142857143,0.03735178719857394
DK72-10VT3P_RIB,12820334,113.05709342560553,0.05069271848138491
DK72-10VT3P_RIB,12820335,120.10443037974683,0.05385261457843806
DK72-10VT3P_RIB,12820336,142.50218340611355,0.06389535452848215
DK72-10VT3P_RIB,12820338,70.61739130434782,0.031663537676534154
DK72-10VT3P_RIB,12820339,86.52252252252252,0.03879510558459262
DK72-10VT3P_RIB,12820340,77.86363636363636,0.034912620504577614
DK72-10VT3P_RIB,12820341,117.09756097560975,0.05250438971615191
DK72-10VT3P_RIB,12820342,117.37096774193549,0.05262698027474765
DK72-10VT3P_RIB,12820343,146.43119266055047,0.06565704991628182
DK72-20PRO4,12951561,800.0,0.286664145083909
DK72-20PRO4,12951566,77.66666666666667,0.027830310751896167
DK72-20PRO4,12951567,149.0,0.05339119702187805
DK72-20PRO4,12951568,112.0,0.04013298031174726
DK72-20PRO4,12951569,48.666666666666664,0.01743873549260446
DK72-20PRO4,12951571,477.1111111111111,0.17096331097087572
DK72-20PRO4,12951572,152.0,0.05446618756594271
DK72-20PRO4,12951573,469.1111111111111,0.16809666952003663
DK72-20PRO4,12951574,444.6666666666667,0.15933748730913944
DK72-20PRO4,12951575,23.5,0.008420759261839826
DK72-20PRO4,12951576,37.0,0.01325821671013079
DK72-20VT3P,12376728,162.0,0.020961107956627617
DK72-20VT3P,12376732,8.357142857142858,0.0010813269977625359
DK72-20VT3P,12732017,96.66796116504854,0.012507824505726349
DK72-20VT3P,12732018,113.98032200357781,0.014747863175606002
DK72-20VT3P,12732019,243.89066339066338,0.03155690447497051
DK72-20VT3P,12732020,242.6315789473684,0.03139399209878275
DK72-20VT3P,12732022,143.4070796460177,0.018555378260523902
DK72-20VT3P,12732023,110.89903846153847,0.014349177268385839
DK72-20VT3P,12732024,124.1525129982669,0.016064038444711642
DK72-20VT3P,12732025,246.29684210526315,0.0318682388687956
DK72-20VT3P,12732026,349.94,0.045278580977421407
DK72-20VT3P,12732027,218.1259541984733,0.0282232202104729
DK72-20VT3P,13022561,463.5,0.05997205887590679
DK72-20VT3P,13022562,450.6666666666667,0.05831155958304638
DK72-20VT3P,13022563,828.0,0.10713455177831893
DK72-20VT3P,13022564,959.0,0.12408458352102399
DK72-20VT3P,13022566,220.66666666666666,0.028551961866846668
DK72-20VT3P,13022568,532.5,0.0688999381907667
DK72-20VT3P,13022569,743.6666666666666,0.09622269928237902
DK72-20VT3P,13022570,922.0,0.11929716997537446
DK72-20VT3P,13022571,548.25,0.07093782368654994
DK72-20VT3P_RIB,12820347,66.88,0.06043195298805253
DK72-20VT3P_RIB,12820348,84.43973941368078,0.0762987195360491
DK72-20VT3P_RIB,12820349,120.87847222222223,0.10922431445276537
DK72-20VT3P_RIB,12820360,158.76923076923077,0.14346194213210853
DK72-20VT3P_RIB,12820362,94.24066390041494,0.08515471546639855
DK72-20VT3P_RIB,12820363,80.55263157894737,0.07278637626559305
DK72-20VT3P_RIB,12820364,85.3265306122449,0.07710001325647142
DK72-20VT3P_RIB,12820365,83.11392405063292,0.07510072893062825
DK72-20VT3P_RIB,12820366,200.84126984126985,0.18147772394001785
DK72-20VT3P_RIB,12820367,131.656836461126,0.11896351303191517
DK72-27VT3P,12820572,4.691964285714286,0.003240516913121459
DK72-27VT3P,12820575,154.96116504854368,0.1070243176713281
DK72-27VT3P,12820576,143.1012145748988,0.09883321310225775
DK72-27VT3P,12820577,264.2392026578073,0.18249746868906486
DK72-27VT3P,12820578,96.8989898989899,0.06692353063899327
DK72-27VT3P,12820580,68.11032028469751,0.047040563695825634
DK72-27VT3P,12820581,80.98492462311557,0.05593244150389367
DK72-27VT3P,12820582,74.57441253263707,0.05150500523499147
DK72-27VT3P,12820583,175.23478260869564,0.12102634253623544
DK72-27VT3P,12820584,275.96946564885496,0.19059900427269852
DK72-27VT3P,12820585,61.13968253968254,0.04222627523742039
DK72-27VT3P,13037571,48.0,0.033151320504169295
DK72-70VT3P,12820601,2.9263431542461005,0.008412738358489968
DK72-70VT3P,12820604,33.48717948717949,0.09626993983281196
DK72-70VT3P,12820605,19.94736842105263,0.057345288170742054
DK72-70VT3P,12820606,26.72027972027972,0.07681625506776579
DK72-70VT3P,12820607,12.88888888888889,0.03705336122202155
DK72-70VT3P,12820609,50.260416666666664,0.14449014107994662
DK72-70VT3P,12820610,37.04545454545455,0.10649937482896867
DK72-70VT3P,12820611,48.222727272727276,0.13863213098902194
DK72-70VT3P,12820612,22.09259259259259,0.06351244243947084
DK72-70VT3P,12820613,36.625,0.10529063959317977
DK72-70VT3P,12820614,26.630434782608695,0.07655796616806364
DK72-70VT3P,13037581,31.0,0.08911972224951734
DK72-72VT3P,12840347,3.6666666666666665,1.0
DK73-10RR2,12383069,6.541666666666667,0.012984507057217418
DK73-10RR2,12383075,154.92207792207793,0.30750371680479094
DK73-10RR2,12383076,62.525,0.12410542222968443
DK73-10RR2,12383077,39.140845070422536,0.07769038150965936
DK73-10RR2,12383078,23.36,0.04636709577425715
DK73-10RR2,12383081,128.8153846153846,0.25568472926623753
DK73-10RR2,12383082,44.212765957446805,0.0877576007531572
DK73-10RR2,12383083,15.792079207920793,0.03134558429402048
DK73-10RR2,12383084,28.495726495726494,0.05656096231097549
DK73-10VT3P,11759502,206.42,0.010551074160818096
DK73-10VT3P,11759503,171.1853546910755,0.00875006962790179
DK73-10VT3P,11759504,143.2094861660079,0.00732009451153087
DK73-10VT3P,11759505,134.14141414141415,0.0068565837062449075
DK73-10VT3P,11759506,131.47457627118644,0.006720269375542209
DK73-10VT3P,11759508,37.25,0.0019040185664687239
DK73-10VT3P,11759509,113.41449814126393,0.005797135843428164
DK73-10VT3P,11759510,98.13253012048193,0.00501600427715299
DK73-10VT3P,11759511,172.41121495327104,0.008812728975529078
DK73-10VT3P,11759512,150.53061224489795,0.007694310886877582
DK73-10VT3P,11759514,64.5,0.0032968912090532267
DK73-10VT3P,11759515,120.96078431372548,0.006182861185179922
DK73-10VT3P,11759623,15570.0,0.7958542034877324
DK73-10VT3P,11760266,507.5,0.025940655637124225
DK73-10VT3P,11922476,1087.0,0.05556156192621484
DK73-10VT3P,11922482,708.7543859649123,0.036227691542102904
DK73-10VT3P,12402456,147.0,0.007513845081098052
DK73-10VT3P_RIB,12264144,117.18786692759295,0.0860074790315187
DK73-10VT3P_RIB,12264145,94.22950819672131,0.06915769236918812
DK73-10VT3P_RIB,12264146,95.86567164179104,0.070358518844517
DK73-10VT3P_RIB,12264147,439.5,0.32256143938269816
DK73-10VT3P_RIB,12264148,142.16666666666666,0.10434012430543857
DK73-10VT3P_RIB,12264150,99.53954081632654,0.07305487499705829
DK73-10VT3P_RIB,12264151,91.1717791411043,0.0669135388187396
DK73-10VT3P_RIB,12264152,76.03597122302158,0.0558049427134454
DK73-10VT3P_RIB,12264153,83.79411764705883,0.061498865074035146
DK73-10VT3P_RIB,12264154,120.04,0.08810073989419587
DK73-10VT3P_RIB,12564626,3.0,0.002201784569165175
DK73-20VT3P,12217161,233.33333333333334,0.03119085269120105
DK73-20VT3P,12565437,901.0,0.12044124974902347
DK73-20VT3P,12565438,1290.5,0.1725076945628355
DK73-20VT3P,12565442,483.0,0.06456506507078616
DK73-20VT3P,12565445,393.0,0.05253430760418005
DK73-20VT3P,12565446,1396.0,0.18661041581535712
DK73-20VT3P,12732040,9.832107843137255,0.0013143078316255568
DK73-20VT3P,12732043,284.66370370370373,0.038052444208945393
DK73-20VT3P,12732044,165.1070811744387,0.022070702773654673
DK73-20VT3P,12732045,369.06503298774743,0.04933479890311751
DK73-20VT3P,12732046,360.361301369863,0.0481713268570153
DK73-20VT3P,12732048,227.67920792079207,0.0304350370076004
DK73-20VT3P,12732049,112.64613368283094,0.015057981265433657
DK73-20VT3P,12732050,157.33236151603498,0.021031416478309008
DK73-20VT3P,12732051,354.494623655914,0.04738709822689014
DK73-20VT3P,12732052,482.41021126760563,0.06448622501305312
DK73-20VT3P,12732053,260.4006309148265,0.034809075940972135
DK73-20VT3P_RIB,12732056,90.15384615384616,0.09968605690687549
DK73-20VT3P_RIB,12732057,77.98671096345515,0.08623245750177434
DK73-20VT3P_RIB,12732058,90.08928571428571,0.09961467031687939
DK73-20VT3P_RIB,12732059,109.65490196078431,0.12124901225319774
DK73-20VT3P_RIB,12732061,82.48135593220339,0.09120233347762835
DK73-20VT3P_RIB,12732062,66.016,0.0729960507900476
DK73-20VT3P_RIB,12732063,64.1504854368932,0.07093329031079838
DK73-20VT3P_RIB,12732064,103.23255813953489,0.11414761659506834
DK73-20VT3P_RIB,12732065,116.38110749185668,0.12868639774414625
DK73-20VT3P_RIB,12732066,104.23144104803494,0.11525211410358414
DK77-10RR2,12732068,59.25,0.06760765058473366
DK77-10RR2,12732069,33.75,0.038510687041936886
DK77-10RR2,12732082,12.5,0.01426321742293959
DK77-10RR2,12732083,196.125,0.22378988136592215
DK77-10RR2,12810295,180.0,0.2053903308903301
DK77-10RR2,12810297,75.375,0.08600720106032572
DK77-10RR2,12810298,69.63194444444444,0.07945404505545292
DK77-10RR2,12810299,93.41666666666667,0.10659377820743521
DK77-10RR2,12810332,42.248161764705884,0.04820757735756185
DK77-10RR2,12810333,114.08333333333333,0.13017563101336196
DK77-10VT3P,12215622,167.5,0.17321064997909524
DK77-10VT3P,12697643,6.801724137931035,0.007033618262146483
DK77-10VT3P,12697646,121.6827731092437,0.12583135654633357
DK77-10VT3P,12697647,152.74358974358975,0.15795114304255192
DK77-10VT3P,12697648,132.76401869158877,0.13729039982929458
DK77-10VT3P,12697670,119.78308823529412,0.12386690489396185
DK77-10VT3P,12697671,119.09632224168126,0.12315672469015755
DK77-10VT3P,12697672,146.6590909090909,0.15165920275645883
DK78-20VT3P,12732088,2.3666666666666667,0.0020451615442547075
DK78-20VT3P,12732089,107.475,0.09287481843751044
DK78-20VT3P,12732090,25.6640625,0.02217767057507718
DK78-20VT3P,12732093,70.96153846153847,0.06132160968282669
DK78-20VT3P,12732094,98.92647058823529,0.08548758310812811
DK78-20VT3P,12732095,79.25,0.0684841066403601
DK78-20VT3P,12732133,75.0,0.06481145738835341
DK78-20VT3P,12810338,5.425925925925926,0.0046888288925401355
DK78-20VT3P,12810341,150.06428571428572,0.12967846745446826
DK78-20VT3P,12810342,214.725,0.1855552025028558
DK78-20VT3P,12810345,151.13513513513513,0.1306038449425846
DK78-20VT3P,12810346,176.20871559633028,0.1522712488310406
DK79-10RR2,12348996,15.0,0.022516466592561336
DK79-10RR2,12349612,13.316666666666666,0.019989618674951675
DK79-10RR2,12349613,13.401315789473685,0.020116685284669932
DK79-10RR2,12349616,18.6,0.02792041857477606
DK79-10RR2,12349617,15.426605504587156,0.0231568431653773
DK79-10RR2,12810353,30.0375,0.045089224351604076
DK79-10RR2,12810354,53.28989361702128,0.07999334062325382
DK79-10RR2,12810355,227.8125,0.3419688363745253
DK79-10RR2,12810357,148.5,0.2229130192663572
DK79-10RR2,12810358,46.044642857142854,0.06911751084395167
DK79-10RR2,12810359,84.75,0.12721803624797154
DK79-10VT3P,12057383,465.9375,0.3239379551377434
DK79-10VT3P,12061464,101.22413793103448,0.07037497572519961
DK79-10VT3P,12061465,86.06756756756756,0.05983753581009771
DK79-10VT3P,12061468,82.69354838709677,0.05749178584595609
DK79-10VT3P,12061907,81.60810810810811,0.056737145353615966
DK79-10VT3P,12061908,77.46341463414635,0.05385559250880754
DK79-10VT3P,12810364,45.75,0.0318071875467241
DK79-10VT3P,12810366,100.625,0.06995843162599154
DK79-10VT3P,12810367,79.125,0.055010791576711356
DK79-10VT3P,12810368,51.075,0.035509335605441165
DK79-10VT3P,12810370,126.08333333333333,0.08765805966884073
DK79-10VT3P,12810371,76.2410071942446,0.05300572709461157
DK79-10VT3P,12810372,64.46052631578948,0.044815476500259244
I797VT3P,11759519,285.5,0.16351660939289803
I797VT3P,11759520,54.0,0.030927835051546393
I797VT3P,11759524,11.5,0.006586483390607102
I797VT3P,11759525,46.0,0.026345933562428408
I797VT3P,11759526,42.0,0.024054982817869414
I797VT3P,11759529,84.0,0.04810996563573883
I797VT3P,11759530,6.0,0.003436426116838488
I797VT3P,11922491,152.0,0.08705612829324169
I797VT3P,11922497,310.0,0.1775486827033219
I797VT3P,11922498,755.0,0.43241695303550975
LT621MGRR2,11495102,180.85714285714286,0.04763808207901194
LT621MGRR2,11495103,39.0,0.0102726669886021
LT621MGRR2,11495106,694.8157894736842,0.18301567240220057
LT621MGRR2,11495108,50.666666666666664,0.013345687027927513
LT621MGRR2,11495832,693.4285714285714,0.18265027678635384
LT621MGRR2,11710276,610.7142857142857,0.16086319185448342
LT621MGRR2,11710277,677.0,0.1783229628534262
LT621MGRR2,11710278,140.0,0.03687624047190497
LT621MGRR2,11710279,106.0,0.027920582071585195
LT621MGRR2,11710281,503.0,0.13249106398120145
LT621MGRR2,12777523,101.0,0.026603573483302875
LT621RR2,11799357,125.25,0.00047380488035564714
LT621RR2,11799358,15.5,5.863453609191641e-05
LT621RR2,11799851,630.9333333333333,0.0023867408583823522
LT621RR2,11799852,262570.0,0.993269041397064
LT621RR2,11799854,48.5,0.00018346935486825456
LT621RR2,11799855,20.0,7.565746592505343e-05
LT621RR2,11799858,408.64102564102564,0.0015458372236507392
LT621RR2,11933187,200.0,0.0007565746592505342
LT621RR2,12441487,61.0,0.00023075527107141298
LT621RR2,12441488,211.0,0.0007981862655093137
LT621RR2,12851403,58.5,0.0002212980878307813
LT623VT3P,11789417,374.6923076923077,0.001398789475504228
LT623VT3P,11789418,162.0,0.0006047732776456383
LT623VT3P,11789421,860.0137931034483,0.003210576299232286
LT623VT3P,11789423,68.25,0.0002547887419710791
LT623VT3P,11789427,659.2222222222222,0.002460987555741819
LT623VT3P,11789430,264839.0,0.9886885807308222
LT623VT3P,12402460,180.0,0.0006719703084951536
LT623VT3P,12851404,725.8,0.0027095336105876803
LT626RR2,11789394,222.33333333333334,0.11796302191499791
LT626RR2,11789410,17.0,0.009019661345824426
LT626RR2,11789414,26.0,0.01379477617596677
LT626RR2,11789429,578.8666666666667,0.3071283116305627
LT626RR2,12851408,557.0,0.29552655115436505
LT626RR2,12851409,483.57142857142856,0.25656767777828304
LT626VT3P,11495874,755.1538461538462,0.03502398134201736
LT626VT3P,11495878,1121.974025974026,0.05203707503058481
LT626VT3P,11495879,18920.0,0.8775082459898736
LT626VT3P,11495880,116.5,0.00540326166267549
LT626VT3P,11495884,552.9230769230769,0.025644532737742767
LT626VT3P,12402462,94.5,0.00438290323710587
LT719VT3P,11824829,178755.875,0.9748060676843096
LT719VT3P,12324863,693.5,0.003781850571003995
LT719VT3P,12324867,1038.2916666666667,0.005662096513989939
LT719VT3P,12324868,461.0,0.0025139626722896057
LT719VT3P,12324872,645.6666666666666,0.0035210019495480593
LT719VT3P,12403470,236.0,0.0012869743832111648
LT719VT3P,12851410,1349.5,0.007359203093828249
LT719VT3P,12851411,196.0,0.001068843131819442
LT719VT3P_RIB,12695122,420.6666666666667,0.14164920682430412
LT719VT3P_RIB,12695125,571.7777777777778,0.192532175995211
LT719VT3P_RIB,12695129,206.33333333333334,0.06947770128703983
LT719VT3P_RIB,12695131,5.0,0.0016836276563903022
LT719VT3P_RIB,12851412,1766.0,0.5946572882370548
LT720VT3P,12961817,871.0,0.5538128947479971
LT720VT3P,12961818,189.5,0.12049086516044254
LT720VT3P,12961819,117.4,0.07464711118646941
LT720VT3P,12961872,318.5,0.20251367046755117
LT720VT3P,12961873,56.333333333333336,0.03581874443643763
LT720VT3P,12961874,11.0,0.006994192700606163
LT720VT3P,12961875,9.0,0.005722521300495952
LT721VT3P,12376760,197.5,0.057364518841244355
LT721VT3P,12729632,633.0,0.18385691355193765
LT721VT3P,12729636,849.8947368421053,0.24685469693495377
LT721VT3P,12729637,639.0,0.18559963311167163
LT721VT3P,12729681,533.5,0.15495681418634868
LT721VT3P,12729682,584.0,0.1696247038141099
LT721VT3P,12729683,6.0,0.0017427195597340059
LT722VT3P,12324875,320.0,0.08516222069946444
LT722VT3P,12324877,608.2,0.16186144571691966
LT722VT3P,12324878,53.5,0.014238058773191713
LT722VT3P,12324881,916.3942307692307,0.2438817741515162
LT722VT3P,12324882,13.0,0.0034597152159157435
LT722VT3P,12324883,6.5,0.0017298576079578718
LT722VT3P,12324888,178.44444444444446,0.047489766126159697
LT722VT3P,12403367,225.66666666666666,0.06005710772243482
LT722VT3P,12445516,750.9722222222222,0.19985769415017546
LT722VT3P,12445518,684.8571428571429,0.18226235983626457
LT722VT3P_RIB,12729688,915.5,0.2578458195863845
LT722VT3P_RIB,12729689,305.0,0.08590166572785066
LT722VT3P_RIB,12731891,41.5,0.01168825943510099
LT722VT3P_RIB,12731892,605.0,0.17039510742737587
LT722VT3P_RIB,12731895,907.5714285714286,0.25561277862718274
LT722VT3P_RIB,12731897,4.0,0.0011265792226603365
LT722VT3P_RIB,12731898,772.0,0.21742978997344495
LT723VT3P,12820587,44.0,0.027108882379226453
LT723VT3P,12820588,332.6666666666667,0.20495958041263637
LT723VT3P,12820589,620.8461538461538,0.3825101218229662
LT723VT3P,12820595,350.57142857142856,0.21599090051500552
LT723VT3P,12820596,275.0,0.16943051487016533
LT795RR2,12732099,13.5,0.016337644656228726
LT795RR2,12732100,315.375,0.38166553210800996
LT795RR2,12732104,87.1875,0.10551395507147719
LT795RR2,12732105,79.95,0.0967551622418879
LT795RR2,12732106,89.25,0.1080099841161788
LT795RR2,12732109,241.05,0.29171772180621736
